<?xml version="1.0"?>
<opencv_storage>
<CamMat type_id="opencv-matrix">
  <rows>3</rows>
  <cols>3</cols>
  <dt>d</dt>
  <data>
    2.3213492627825931e+03 0. 6.3950000000000000e+02 0.
    2.3262177501631659e+03 5.1150000000000000e+02 0. 0. 1.</data></CamMat>
<ProMat type_id="opencv-matrix">
  <rows>3</rows>
  <cols>3</cols>
  <dt>d</dt>
  <data>
    1.9860227736600038e+03 0. 5.9815543580240490e+02 0.
    1.9833492574244547e+03 8.5684544471768857e+02 0. 0. 1.</data></ProMat>
<R type_id="opencv-matrix">
  <rows>3</rows>
  <cols>3</cols>
  <dt>d</dt>
  <data>
    9.9451923652520391e-01 2.3052904653207310e-02
    -1.0198064408688405e-01 -3.9172688718657311e-02
    9.8649892077130152e-01 -1.5901377228280789e-01
    9.6938066000290937e-02 1.6213711143383441e-01 9.8199519777645328e-01</data></R>
<T type_id="opencv-matrix">
  <rows>3</rows>
  <cols>1</cols>
  <dt>d</dt>
  <data>
    1.0308431820907503e+01 -2.8678031668240411e+00
    7.8434439427164540e+00</data></T>
</opencv_storage>
