% flowerPlotColor
% slanCL
function C=flowerPlotColor
C.CList1877 = [
    0.2431    0.3294    0.5882
    0.5098    0.5647    0.7333
         0    0.5569    0.8078
    0.3490    0.7804    0.9216
    0.0275    0.4431    0.5294
    0.4157    0.6667    0.7176
    0.0392    0.5647    0.5255
    0.3294    0.7490    0.7176
    0.5569    0.1255    0.2627
    0.7373    0.4784    0.5608
    0.8784    0.3765    0.4941
    0.9255    0.6275    0.6980
    0.9961    0.6275    0.5647
    0.9961    0.8118    0.7804
    0.7216    0.7373    0.7569
    0.8824    0.8863    0.8980];
C.CList1514 = [
    0.4078    0.5647    0.8157
    0.9098    0.7843    0.6588
    0.9725    0.8784    0.7216
    0.9725    0.9725    0.9725
    0.2196    0.3137    0.4392
    0.5333    0.6588    0.9725
         0         0         0
    0.5961    0.5961    0.6902
    0.3451    0.4706    0.5647
    0.8471    0.8471    0.9725
    0.7216    0.7216    0.8157
    0.8157    0.6902    0.5647
    0.7216    0.5961    0.4706
    0.2510    0.4078    0.6275
    0.7216    0.7843    0.9725];
C.CList1596 = [
    0.2549    0.5490    0.9412
    0.9882    0.7059    0.2549
    0.8784    0.2510    0.0392
    0.0196    0.3922    0.5725
    0.7490    0.7490    0.7490
    0.1020    0.2314    0.4118
    1.0000    0.8902    0.5098
    0.0706    0.6118    0.8667
    0.7922    0.4196    0.2941
         0    0.3608    0.8588
    0.9529    0.8235    0.5333
    0.3137    0.3882    0.5059
    0.9451    0.7255    0.6588
    0.8784    0.5137    0.0392
    0.4706    0.5765    0.7451];
C.CList1470 = [
    0.1882    0.4078    0.5961
    0.2824    0.5020    0.6902
    0.9098    0.8157    0.6275
    0.7843    0.6902    0.5020
    0.3765    0.5961    0.7843
    0.1255    0.1882    0.2824
         0         0         0
    0.4078    0.3765    0.2824
    0.5961    0.5333    0.3765
    0.5647    0.7529    0.9098
    0.2196    0.3137    0.4706
    0.6902    0.7216    0.7529
    0.9725    0.9725    0.9725
    0.5020    0.5333    0.5961
    0.9725    0.9098    0.7843];
C.CList1827 = [
    1.0000    0.6118         0
    0.9686    0.7412    0.3529
    1.0000    0.8000    0.6000
    1.0000    1.0000    0.2000
    1.0000    1.0000    0.6118
    0.8039    0.3882    0.3882
    0.8000    0.6000    0.8000
    1.0000    0.6196    0.3882
    0.3922    0.4275    0.8000
    0.6118    0.6118    1.0000
    0.2000    0.6000    1.0000
    0.6000    0.8000    1.0000
    1.0000    1.0000    0.8000
    0.6941    0.5843    0.4784
    0.9294    0.5333    0.2980
    0.9608    0.9294         0
    0.8667    1.0000    1.0000];
C.CList1607 = [
    0.8863    0.5686    0.5686
    0.6000    0.8667    0.5725
    0.5765    0.8471    0.7255
    0.5804    0.7686    0.8275
    0.5804    0.6039    0.8078
    0.7020    0.5804    0.8000
    0.8000    0.5882    0.6941
    0.8000    0.6431    0.6000
    0.8745    0.8980    0.5725
    1.0000    0.6471    0.3765
    0.4196    1.0000    0.3882
    0.3961    1.0000    0.8000
    0.3961    0.7686    1.0000
    0.3961    0.4196    1.0000
    0.6784    0.3961    1.0000
    1.0000    0.3961    0.9569
    1.0000    0.3961    0.5176
    1.0000    0.3961    0.3961];
C.CList631 = [
    0.1059    0.6392    0.7765
    0.1725    0.7098    0.7529
    0.1882    0.7373    0.6784
    0.1294    0.6902    0.5294
    0.2000    0.6510    0.3608
    0.3412    0.6392    0.2157
    0.6353    0.7137    0.1529
    0.8353    0.7333    0.1294
    0.9725    0.7137    0.1255
    0.9725    0.5725    0.0902
    0.9412    0.4039    0.0980
    0.8784    0.2039    0.1490
    0.9647    0.2863    0.4431
    0.9882    0.4431    0.6196
    0.9216    0.4510    0.7020
    0.8078    0.4118    0.7451
    0.6353    0.4275    0.7608
    0.4706    0.4510    0.7529
    0.3098    0.4863    0.7294];
end








