% % for provide real calibration

% Camera
cam_in = [4317.57784388832,0,2454.39142919410;
          0,4313.14081879846,1875.13972388649;
          0,0,1];
cam_ex = [-0.0805309416875228,0.994790926356657,-0.0624962420421034,-222.699959236070;
          0.970943584107138,0.0641158794549392,-0.230559559513162,-181.941753196380;
          -0.225351556267323,-0.0792475036842425,-0.971049179623623,972.970986057336];
cam_proj = [cam_in*cam_ex;0,0,0,1];



% projector
proj_in = [1867.92322899480,0,123.766117529849;
           0,1489.18707063673,205.945219957366;
           0,0,1];
proj_ex = [0.00631315636567953,0.999737989316714,0.0220021992918033,-14.5334172056815;
           0.929975883592934,0.00221781094741114,-0.367613842571446,-47.6815617392044;
           -0.367566320535825,0.0227823183977244,-0.929718218588934,954.728975395360];
proj_proj = [proj_in*proj_ex;0,0,0,1];       
