% for synthetic calibration

% Camera
cam_in = [4800.57369681208,0,1535.57766723374;
          0,4800.49962972518,1022.22894672503;
          0,0,1];
cam_ex = [-0.00490810612923975,0.999986062554092,-0.00194555693526430, -206.698416708639;
          0.949981378809231,0.00405510699738099,-0.312280220351776, -207.671796313075;
          -0.312267978521555,-0.00338094732346322,-0.949988041390658,1475.78925323842];
cam_proj = [cam_in*cam_ex;0,0,0,1];
      
 % Projector
proj_in = [3109.76790613764,0,757.514135930564;
           0,3225.77090332485,663.234852520865;
           0,0,1];
proj_ex = [0.452053791010752,0.723148643344224,0.522210120221943, -541.564042133351;
           0.889077524858834,-0.412565721629237,-0.198319641305233, -433.990541976943;
           0.0720314155330648,0.553936426827082,-0.829437104433089, 3677.16751566108];
proj_proj = [proj_in*proj_ex;0,0,0,1]; 

