% for own calibration

% Camera
cam_in = [4800.81062360626,0,1535.80512146954;
          0,4800.86580063345,1022.20847991253;
          0,0,1];
cam_ex = [-0.00548519796329594,0.999983821205171,-0.00150662908784183,-68.1960165263414;
          0.949268671705023,0.00473327291637571,-0.314430572697506,-68.5841137824234;
          -0.314418354303126,-0.00315490972992610,-0.949279276620906,487.339998924396];
cam_proj = [cam_in*cam_ex;0,0,0,1];

% Projector
proj_in = [4408.40151358537,0,498.185988425940;
           0,4225.98648593383,-80.3934915116737;
           0,0,1];
proj_ex = [0.431968310431053,0.718872116864564,0.544634059142468,-74.7187720020780;
           0.899147260409092,-0.296214485987551,-0.322166389292793,137.222275078922;
           -0.0702679363733235,0.628871893063915,-0.774327165500503,1620.24035793120];
proj_proj = [proj_in*proj_ex;0,0,0,1];       

