CList=[0.5490    0.5490    0.5490
    0.5333    0.7412    0.9020
    0.9843    0.6980    0.3451
    0.5647    0.8039    0.5922
    0.9647    0.6667    0.7882
    0.7490    0.6471    0.3294
    0.7373    0.6000    0.7804
    0.9294    0.8667    0.2745
    0.9412    0.4941    0.4314];
CList=[0.4000    0.6000    0.8000
    0.5294    0.8078    0.9804
    1.0000    0.6000    0.2000
    0.4000    0.6000    0.8000
    0.5294    0.8078    0.9804
    1.0000    0.4000         0
    0.8000    0.8000    1.0000
    0.5294    0.8078    0.9804
    1.0000    0.6000    0.2000];
CList=[0.4941    0.5490    0.4118
    0.9059    0.6510    0.3333
    0.8980    0.6157    0.4980
    0.8902    0.5137    0.4667
    0.4275    0.2824    0.2784];
CList=[0.4314    0.4863    0.7255
    0.4824    0.7373    0.8353
    0.8157    0.8863    0.6863
    0.9608    0.8588    0.6000
    0.9098    0.6118    0.5059
    0.8235    0.5176    0.5529];
CList=[0.4000    0.7725    0.8000
    0.9647    0.8118    0.4431
    0.9725    0.6118    0.4549
    0.8627    0.6902    0.9490
    0.5294    0.7725    0.3725
    0.6196    0.7255    0.9529
    0.9961    0.5333    0.6941
    0.7882    0.8588    0.4549
    0.5451    0.8784    0.6431
    0.7059    0.5922    0.9059
    0.8275    0.7059    0.5176
    0.7020    0.7020    0.7020];
CList=[0.3059    0.4745    0.5373
    0.6627    0.0039    0.1059
    0.8941    0.6588    0.1490
    0.5020    0.5804    0.3059
    0.8627    0.8392    0.6980];