colorList1=[0.2000    0.0800    0.4300
    0.2000    0.1300    0.4600
    0.2000    0.2100    0.5000
    0.2000    0.2800    0.5300
    0.2000    0.3700    0.5800
    0.1900    0.4500    0.6200
    0.2000    0.4800    0.6400
    0.1900    0.5400    0.6700
    0.1900    0.5700    0.6900
    0.1900    0.7500    0.7800
    0.1900    0.8000    0.8100
];
colorList2=[0.1300    0.1000    0.1600
    0.2000    0.0900    0.2000
    0.2800    0.0800    0.2300
    0.4200    0.0800    0.3000
    0.5100    0.0700    0.3400
    0.6600    0.1200    0.3500
    0.7900    0.2200    0.4000
    0.8800    0.3500    0.4700
    0.9000    0.4500    0.5400
    0.8900    0.7800    0.7900
];
colorList3=[0.3200    0.3100    0.7600
    0.3800    0.3400    0.7600
    0.5300    0.4200    0.7500
    0.6400    0.4900    0.7300
    0.7200    0.5500    0.7200
    0.7900    0.6100    0.7100
    0.9100    0.7100    0.6800
    0.9800    0.7600    0.6700
];
colorList4=[0.9500    0.2300    0.6600
    0.7500    0.2100    0.6000
    0.6200    0.2000    0.5700
    0.4500    0.1800    0.5200
    0.3200    0.2100    0.5200
    0.2700    0.3100    0.6000
    0.2500    0.3600    0.6400
    0.1900    0.4800    0.7400
];
