List={'零食',300,'食品开销';
      '饮料',150,'食品开销';
      '水果',250,'食品开销';
      '食堂',600,'食品开销';
      '外卖',400,'食品开销';
      '水费',90,'住宿开销';
      '电费',90,'住宿开销';
      '网费',120,'住宿开销';
      '食品开销',1700,'开销';
      '住宿开销',300,'开销'};
axis([0,2,0,1])
colorList=[0.4600    0.5400    0.4600
    0.5400    0.6800    0.4600
    0.4100    0.4900    0.3600
    0.3800    0.5300    0.8400
    0.4400    0.5900    0.8700
    0.5800    0.7900    0.9300
    0.6500    0.6400    0.8400
    0.6300    0.6300    0.8000
    0.5600    0.5300    0.6700
    0.7600    0.8100    0.4300
    0.5600    0.8600    0.9700
    0.7800    0.5900    0.6500
    0.8900    0.9100    0.5300
    0.9300    0.5600    0.2500];
sankeyHdl=sankey2([],'XLim',[0,2],'YLim',[0,1],'PieceWidth',0.15,'List',List,'Color',colorList)

sankeyHdl.block(4).FaceColor=[0.8,0.3,0.3];
sankeyHdl.txt(4).FontSize=40; 
